          63
         180
         117
         142
         179
         240
         231
          88
         217
         119
         179
         250
          86
         128
          29
          81
         122
         248
         141
          20
          84
         181
         175
          35
         207
          39
         244
         219
         196
         162
          49
         164
         172
         159
         188
          73
         228
         225
           2
         102
          41
          23
          72
          69
          13
         202
         143
          83
         191
         169
          95
          78
           5
          83
          16
          36
         179
          56
           6
          23
         171
         137
         117
         106
         217
         103
         179
           4
         224
         126
         107
          82
          86
          19
           9
         147
         206
         126
         207
           1
          12
         245
         125
         178
          50
          79
         215
          87
         124
         129
         233
          73
          43
         114
         105
         254
          84
         138
          63
          95
         213
          43
         141
         246
          45
          15
         104
          55
         210
          69
         245
          75
         223
         200
         175
          45
          89
          66
         201
         209
          58
         215
         156
          15
         198
          51
          51
         117
         227
          69
         193
         111
          86
         121
         114
         143
          56
          81
         216
          61
          68
         153
          94
         177
         178
           8
          14
          68
          63
         110
